{
 "cells": [
  {
   "cell_type": "markdown",
   "metadata": {},
   "source": [
    "# Planning Methods: Part II, Spring 2021\n",
    "\n",
    "# Lab 3: Correlations and Regressions\n",
    "\n",
    "**About This Lab**\n",
    "* We will be running through this notebook together. If you have a clarifying question or other question of broad interest, feel free to interrupt or use a pause to unmute and ask it! If you have a question that may result in a one-on-one breakout room (think: detailed inquiry, conceptual question, or help debugging), please ask it in the chat!\n",
    "* We recognize learning Python via Zoom comes with its challenges and that there are many modes of learning. Please go with what works best for you. That might be printing out the Jupyter notebook, duplicating it such that you can refer to the original, working directly in it. Up to you! There isn't a single right way.\n",
    "* This lab requires that you download the following file and place it in the same directory as this Jupyter notebook:\n",
    "    * `clean_property_data.csv`\n",
    "* This data includes properties that were sold through a real estate site (like Zillow) between 2001 and 2006 in Bogota. There are apartments and houses, characteristics of the structure like area and bathrooms, and characteristics of the neighborhood like density and a proxy for neighborhood income which is called SES."
   ]
  },
  {
   "cell_type": "markdown",
   "metadata": {},
   "source": [
    "## Objectives\n",
    "By the end of this lab, you will have reviewed how to:\n",
    ">1. Call a correlation matrix\n",
    ">2. Run a bivariate linear regression\n",
    "\n",
    "You will also learn how to:\n",
    ">1. Run a bivariate linear regression with a binary independent variable\n",
    ">2. Run a multivariable linear regression with binary independent variables\n",
    "\n",
    "As discussed in lecture, planners can use regressions in a multitude of ways, from diagnosing a problem or bringing it to light, to determining at what level to intervene, to assessing the impact of an intervention. The kind of regression you will run depends on what phenomenon you want to understand (your dependent variable) and what factor(s) you hypothesize may be associated with it (your independent variables; explanatory or control variables)."
   ]
  },
  {
   "cell_type": "markdown",
   "metadata": {},
   "source": [
    "## 1 Import packages and data"
   ]
  },
  {
   "cell_type": "code",
   "execution_count": 1,
   "metadata": {},
   "outputs": [],
   "source": [
    "import numpy as np\n",
    "import pandas as pd\n",
    "import seaborn as sns\n",
    "\n",
    "import matplotlib as mpl\n",
    "import matplotlib.pyplot as plt\n",
    "from matplotlib.ticker import FuncFormatter\n",
    "\n",
    "import statsmodels.api as sm\n",
    "from scipy.stats import pearsonr"
   ]
  },
  {
   "cell_type": "code",
   "execution_count": 2,
   "metadata": {},
   "outputs": [
    {
     "data": {
      "text/html": [
       "<div>\n",
       "<style scoped>\n",
       "    .dataframe tbody tr th:only-of-type {\n",
       "        vertical-align: middle;\n",
       "    }\n",
       "\n",
       "    .dataframe tbody tr th {\n",
       "        vertical-align: top;\n",
       "    }\n",
       "\n",
       "    .dataframe thead th {\n",
       "        text-align: right;\n",
       "    }\n",
       "</style>\n",
       "<table border=\"1\" class=\"dataframe\">\n",
       "  <thead>\n",
       "    <tr style=\"text-align: right;\">\n",
       "      <th></th>\n",
       "      <th>id</th>\n",
       "      <th>price_000</th>\n",
       "      <th>yr_2001</th>\n",
       "      <th>yr_2002</th>\n",
       "      <th>yr_2003</th>\n",
       "      <th>yr_2004</th>\n",
       "      <th>yr_2005</th>\n",
       "      <th>yr_2006</th>\n",
       "      <th>apt</th>\n",
       "      <th>floor</th>\n",
       "      <th>...</th>\n",
       "      <th>pcnt_indu</th>\n",
       "      <th>pcnt_com</th>\n",
       "      <th>pcnt_insti</th>\n",
       "      <th>pcnt_vacant</th>\n",
       "      <th>pcn_green</th>\n",
       "      <th>thefts</th>\n",
       "      <th>house</th>\n",
       "      <th>ses_bin</th>\n",
       "      <th>lnprice</th>\n",
       "      <th>price_hi</th>\n",
       "    </tr>\n",
       "  </thead>\n",
       "  <tbody>\n",
       "    <tr>\n",
       "      <td>0</td>\n",
       "      <td>40003</td>\n",
       "      <td>60000</td>\n",
       "      <td>1</td>\n",
       "      <td>0</td>\n",
       "      <td>0</td>\n",
       "      <td>0</td>\n",
       "      <td>0</td>\n",
       "      <td>0</td>\n",
       "      <td>1</td>\n",
       "      <td>5</td>\n",
       "      <td>...</td>\n",
       "      <td>0.0</td>\n",
       "      <td>0.00</td>\n",
       "      <td>0.49</td>\n",
       "      <td>0.0</td>\n",
       "      <td>1.74</td>\n",
       "      <td>39.92</td>\n",
       "      <td>0</td>\n",
       "      <td>0</td>\n",
       "      <td>11.00210</td>\n",
       "      <td>0</td>\n",
       "    </tr>\n",
       "    <tr>\n",
       "      <td>1</td>\n",
       "      <td>40007</td>\n",
       "      <td>140000</td>\n",
       "      <td>0</td>\n",
       "      <td>1</td>\n",
       "      <td>0</td>\n",
       "      <td>0</td>\n",
       "      <td>0</td>\n",
       "      <td>0</td>\n",
       "      <td>0</td>\n",
       "      <td>0</td>\n",
       "      <td>...</td>\n",
       "      <td>0.0</td>\n",
       "      <td>15.41</td>\n",
       "      <td>1.32</td>\n",
       "      <td>0.0</td>\n",
       "      <td>0.54</td>\n",
       "      <td>46.00</td>\n",
       "      <td>1</td>\n",
       "      <td>0</td>\n",
       "      <td>11.84940</td>\n",
       "      <td>1</td>\n",
       "    </tr>\n",
       "    <tr>\n",
       "      <td>2</td>\n",
       "      <td>40008</td>\n",
       "      <td>38000</td>\n",
       "      <td>0</td>\n",
       "      <td>1</td>\n",
       "      <td>0</td>\n",
       "      <td>0</td>\n",
       "      <td>0</td>\n",
       "      <td>0</td>\n",
       "      <td>1</td>\n",
       "      <td>1</td>\n",
       "      <td>...</td>\n",
       "      <td>0.0</td>\n",
       "      <td>8.16</td>\n",
       "      <td>5.57</td>\n",
       "      <td>0.0</td>\n",
       "      <td>1.55</td>\n",
       "      <td>45.87</td>\n",
       "      <td>0</td>\n",
       "      <td>0</td>\n",
       "      <td>10.54534</td>\n",
       "      <td>0</td>\n",
       "    </tr>\n",
       "    <tr>\n",
       "      <td>3</td>\n",
       "      <td>40010</td>\n",
       "      <td>110000</td>\n",
       "      <td>0</td>\n",
       "      <td>1</td>\n",
       "      <td>0</td>\n",
       "      <td>0</td>\n",
       "      <td>0</td>\n",
       "      <td>0</td>\n",
       "      <td>0</td>\n",
       "      <td>0</td>\n",
       "      <td>...</td>\n",
       "      <td>0.0</td>\n",
       "      <td>8.11</td>\n",
       "      <td>5.53</td>\n",
       "      <td>0.0</td>\n",
       "      <td>1.58</td>\n",
       "      <td>45.88</td>\n",
       "      <td>1</td>\n",
       "      <td>0</td>\n",
       "      <td>11.60824</td>\n",
       "      <td>1</td>\n",
       "    </tr>\n",
       "    <tr>\n",
       "      <td>4</td>\n",
       "      <td>40011</td>\n",
       "      <td>120000</td>\n",
       "      <td>0</td>\n",
       "      <td>1</td>\n",
       "      <td>0</td>\n",
       "      <td>0</td>\n",
       "      <td>0</td>\n",
       "      <td>0</td>\n",
       "      <td>0</td>\n",
       "      <td>0</td>\n",
       "      <td>...</td>\n",
       "      <td>0.0</td>\n",
       "      <td>0.00</td>\n",
       "      <td>0.00</td>\n",
       "      <td>0.0</td>\n",
       "      <td>0.40</td>\n",
       "      <td>46.00</td>\n",
       "      <td>1</td>\n",
       "      <td>0</td>\n",
       "      <td>11.69525</td>\n",
       "      <td>1</td>\n",
       "    </tr>\n",
       "  </tbody>\n",
       "</table>\n",
       "<p>5 rows × 29 columns</p>\n",
       "</div>"
      ],
      "text/plain": [
       "      id  price_000  yr_2001  yr_2002  yr_2003  yr_2004  yr_2005  yr_2006  \\\n",
       "0  40003      60000        1        0        0        0        0        0   \n",
       "1  40007     140000        0        1        0        0        0        0   \n",
       "2  40008      38000        0        1        0        0        0        0   \n",
       "3  40010     110000        0        1        0        0        0        0   \n",
       "4  40011     120000        0        1        0        0        0        0   \n",
       "\n",
       "   apt  floor  ...  pcnt_indu  pcnt_com  pcnt_insti  pcnt_vacant  pcn_green  \\\n",
       "0    1      5  ...        0.0      0.00        0.49          0.0       1.74   \n",
       "1    0      0  ...        0.0     15.41        1.32          0.0       0.54   \n",
       "2    1      1  ...        0.0      8.16        5.57          0.0       1.55   \n",
       "3    0      0  ...        0.0      8.11        5.53          0.0       1.58   \n",
       "4    0      0  ...        0.0      0.00        0.00          0.0       0.40   \n",
       "\n",
       "   thefts  house  ses_bin   lnprice  price_hi  \n",
       "0   39.92      0        0  11.00210         0  \n",
       "1   46.00      1        0  11.84940         1  \n",
       "2   45.87      0        0  10.54534         0  \n",
       "3   45.88      1        0  11.60824         1  \n",
       "4   46.00      1        0  11.69525         1  \n",
       "\n",
       "[5 rows x 29 columns]"
      ]
     },
     "execution_count": 2,
     "metadata": {},
     "output_type": "execute_result"
    }
   ],
   "source": [
    "# read in data\n",
    "data = pd.read_csv('clean_property_data.csv')\n",
    "data.head()"
   ]
  },
  {
   "cell_type": "code",
   "execution_count": 3,
   "metadata": {},
   "outputs": [],
   "source": [
    "# create sub-dataframe\n",
    "df = data[['price_000','pop_dens','ses','house','area_m2','num_bath','pcn_green','thefts']].copy()"
   ]
  },
  {
   "cell_type": "markdown",
   "metadata": {},
   "source": [
    "## 2 Correlation matrix"
   ]
  },
  {
   "cell_type": "code",
   "execution_count": 4,
   "metadata": {},
   "outputs": [
    {
     "data": {
      "text/html": [
       "<div>\n",
       "<style scoped>\n",
       "    .dataframe tbody tr th:only-of-type {\n",
       "        vertical-align: middle;\n",
       "    }\n",
       "\n",
       "    .dataframe tbody tr th {\n",
       "        vertical-align: top;\n",
       "    }\n",
       "\n",
       "    .dataframe thead th {\n",
       "        text-align: right;\n",
       "    }\n",
       "</style>\n",
       "<table border=\"1\" class=\"dataframe\">\n",
       "  <thead>\n",
       "    <tr style=\"text-align: right;\">\n",
       "      <th></th>\n",
       "      <th>price_000</th>\n",
       "      <th>pop_dens</th>\n",
       "      <th>ses</th>\n",
       "      <th>house</th>\n",
       "      <th>area_m2</th>\n",
       "      <th>num_bath</th>\n",
       "      <th>pcn_green</th>\n",
       "      <th>thefts</th>\n",
       "    </tr>\n",
       "  </thead>\n",
       "  <tbody>\n",
       "    <tr>\n",
       "      <td>price_000</td>\n",
       "      <td>1.000000</td>\n",
       "      <td>0.025395</td>\n",
       "      <td>0.332310</td>\n",
       "      <td>0.272182</td>\n",
       "      <td>0.632867</td>\n",
       "      <td>0.438951</td>\n",
       "      <td>-0.024504</td>\n",
       "      <td>-0.140996</td>\n",
       "    </tr>\n",
       "    <tr>\n",
       "      <td>pop_dens</td>\n",
       "      <td>0.025395</td>\n",
       "      <td>1.000000</td>\n",
       "      <td>-0.066464</td>\n",
       "      <td>0.186380</td>\n",
       "      <td>0.169518</td>\n",
       "      <td>0.085829</td>\n",
       "      <td>-0.030906</td>\n",
       "      <td>0.122644</td>\n",
       "    </tr>\n",
       "    <tr>\n",
       "      <td>ses</td>\n",
       "      <td>0.332310</td>\n",
       "      <td>-0.066464</td>\n",
       "      <td>1.000000</td>\n",
       "      <td>-0.147592</td>\n",
       "      <td>0.101272</td>\n",
       "      <td>0.080532</td>\n",
       "      <td>0.052955</td>\n",
       "      <td>-0.272214</td>\n",
       "    </tr>\n",
       "    <tr>\n",
       "      <td>house</td>\n",
       "      <td>0.272182</td>\n",
       "      <td>0.186380</td>\n",
       "      <td>-0.147592</td>\n",
       "      <td>1.000000</td>\n",
       "      <td>0.651771</td>\n",
       "      <td>0.391207</td>\n",
       "      <td>-0.071164</td>\n",
       "      <td>0.002256</td>\n",
       "    </tr>\n",
       "    <tr>\n",
       "      <td>area_m2</td>\n",
       "      <td>0.632867</td>\n",
       "      <td>0.169518</td>\n",
       "      <td>0.101272</td>\n",
       "      <td>0.651771</td>\n",
       "      <td>1.000000</td>\n",
       "      <td>0.530402</td>\n",
       "      <td>-0.081659</td>\n",
       "      <td>-0.155758</td>\n",
       "    </tr>\n",
       "    <tr>\n",
       "      <td>num_bath</td>\n",
       "      <td>0.438951</td>\n",
       "      <td>0.085829</td>\n",
       "      <td>0.080532</td>\n",
       "      <td>0.391207</td>\n",
       "      <td>0.530402</td>\n",
       "      <td>1.000000</td>\n",
       "      <td>0.004428</td>\n",
       "      <td>-0.023408</td>\n",
       "    </tr>\n",
       "    <tr>\n",
       "      <td>pcn_green</td>\n",
       "      <td>-0.024504</td>\n",
       "      <td>-0.030906</td>\n",
       "      <td>0.052955</td>\n",
       "      <td>-0.071164</td>\n",
       "      <td>-0.081659</td>\n",
       "      <td>0.004428</td>\n",
       "      <td>1.000000</td>\n",
       "      <td>0.400809</td>\n",
       "    </tr>\n",
       "    <tr>\n",
       "      <td>thefts</td>\n",
       "      <td>-0.140996</td>\n",
       "      <td>0.122644</td>\n",
       "      <td>-0.272214</td>\n",
       "      <td>0.002256</td>\n",
       "      <td>-0.155758</td>\n",
       "      <td>-0.023408</td>\n",
       "      <td>0.400809</td>\n",
       "      <td>1.000000</td>\n",
       "    </tr>\n",
       "  </tbody>\n",
       "</table>\n",
       "</div>"
      ],
      "text/plain": [
       "           price_000  pop_dens       ses     house   area_m2  num_bath  \\\n",
       "price_000   1.000000  0.025395  0.332310  0.272182  0.632867  0.438951   \n",
       "pop_dens    0.025395  1.000000 -0.066464  0.186380  0.169518  0.085829   \n",
       "ses         0.332310 -0.066464  1.000000 -0.147592  0.101272  0.080532   \n",
       "house       0.272182  0.186380 -0.147592  1.000000  0.651771  0.391207   \n",
       "area_m2     0.632867  0.169518  0.101272  0.651771  1.000000  0.530402   \n",
       "num_bath    0.438951  0.085829  0.080532  0.391207  0.530402  1.000000   \n",
       "pcn_green  -0.024504 -0.030906  0.052955 -0.071164 -0.081659  0.004428   \n",
       "thefts     -0.140996  0.122644 -0.272214  0.002256 -0.155758 -0.023408   \n",
       "\n",
       "           pcn_green    thefts  \n",
       "price_000  -0.024504 -0.140996  \n",
       "pop_dens   -0.030906  0.122644  \n",
       "ses         0.052955 -0.272214  \n",
       "house      -0.071164  0.002256  \n",
       "area_m2    -0.081659 -0.155758  \n",
       "num_bath    0.004428 -0.023408  \n",
       "pcn_green   1.000000  0.400809  \n",
       "thefts      0.400809  1.000000  "
      ]
     },
     "execution_count": 4,
     "metadata": {},
     "output_type": "execute_result"
    }
   ],
   "source": [
    "# correlation matrix for all variables\n",
    "df.corr()"
   ]
  },
  {
   "cell_type": "code",
   "execution_count": 5,
   "metadata": {},
   "outputs": [
    {
     "data": {
      "text/html": [
       "<div>\n",
       "<style scoped>\n",
       "    .dataframe tbody tr th:only-of-type {\n",
       "        vertical-align: middle;\n",
       "    }\n",
       "\n",
       "    .dataframe tbody tr th {\n",
       "        vertical-align: top;\n",
       "    }\n",
       "\n",
       "    .dataframe thead th {\n",
       "        text-align: right;\n",
       "    }\n",
       "</style>\n",
       "<table border=\"1\" class=\"dataframe\">\n",
       "  <thead>\n",
       "    <tr style=\"text-align: right;\">\n",
       "      <th></th>\n",
       "      <th>price_000</th>\n",
       "      <th>pop_dens</th>\n",
       "      <th>ses</th>\n",
       "      <th>house</th>\n",
       "      <th>area_m2</th>\n",
       "      <th>num_bath</th>\n",
       "      <th>pcn_green</th>\n",
       "      <th>thefts</th>\n",
       "    </tr>\n",
       "  </thead>\n",
       "  <tbody>\n",
       "    <tr>\n",
       "      <td>price_000</td>\n",
       "      <td>1.000000e+00</td>\n",
       "      <td>1.093673e-01</td>\n",
       "      <td>3.991591e-103</td>\n",
       "      <td>1.757399e-68</td>\n",
       "      <td>0.000000e+00</td>\n",
       "      <td>5.777945e-187</td>\n",
       "      <td>1.223729e-01</td>\n",
       "      <td>4.166382e-19</td>\n",
       "    </tr>\n",
       "    <tr>\n",
       "      <td>pop_dens</td>\n",
       "      <td>1.093673e-01</td>\n",
       "      <td>1.000000e+00</td>\n",
       "      <td>2.737746e-05</td>\n",
       "      <td>2.087070e-32</td>\n",
       "      <td>5.108902e-27</td>\n",
       "      <td>5.949682e-08</td>\n",
       "      <td>5.133684e-02</td>\n",
       "      <td>8.474575e-15</td>\n",
       "    </tr>\n",
       "    <tr>\n",
       "      <td>ses</td>\n",
       "      <td>3.991591e-103</td>\n",
       "      <td>2.737746e-05</td>\n",
       "      <td>1.000000e+00</td>\n",
       "      <td>8.371958e-21</td>\n",
       "      <td>1.551396e-10</td>\n",
       "      <td>3.683541e-07</td>\n",
       "      <td>8.365027e-04</td>\n",
       "      <td>1.691778e-68</td>\n",
       "    </tr>\n",
       "    <tr>\n",
       "      <td>house</td>\n",
       "      <td>1.757399e-68</td>\n",
       "      <td>2.087070e-32</td>\n",
       "      <td>8.371958e-21</td>\n",
       "      <td>1.000000e+00</td>\n",
       "      <td>0.000000e+00</td>\n",
       "      <td>1.478265e-145</td>\n",
       "      <td>7.069447e-06</td>\n",
       "      <td>8.869123e-01</td>\n",
       "    </tr>\n",
       "    <tr>\n",
       "      <td>area_m2</td>\n",
       "      <td>0.000000e+00</td>\n",
       "      <td>5.108902e-27</td>\n",
       "      <td>1.551396e-10</td>\n",
       "      <td>0.000000e+00</td>\n",
       "      <td>1.000000e+00</td>\n",
       "      <td>2.020881e-287</td>\n",
       "      <td>2.522505e-07</td>\n",
       "      <td>5.152606e-23</td>\n",
       "    </tr>\n",
       "    <tr>\n",
       "      <td>num_bath</td>\n",
       "      <td>5.777945e-187</td>\n",
       "      <td>5.949682e-08</td>\n",
       "      <td>3.683541e-07</td>\n",
       "      <td>1.478265e-145</td>\n",
       "      <td>2.020881e-287</td>\n",
       "      <td>1.000000e+00</td>\n",
       "      <td>7.801394e-01</td>\n",
       "      <td>1.400141e-01</td>\n",
       "    </tr>\n",
       "    <tr>\n",
       "      <td>pcn_green</td>\n",
       "      <td>1.223729e-01</td>\n",
       "      <td>5.133684e-02</td>\n",
       "      <td>8.365027e-04</td>\n",
       "      <td>7.069447e-06</td>\n",
       "      <td>2.522505e-07</td>\n",
       "      <td>7.801394e-01</td>\n",
       "      <td>1.000000e+00</td>\n",
       "      <td>2.374363e-153</td>\n",
       "    </tr>\n",
       "    <tr>\n",
       "      <td>thefts</td>\n",
       "      <td>4.166382e-19</td>\n",
       "      <td>8.474575e-15</td>\n",
       "      <td>1.691778e-68</td>\n",
       "      <td>8.869123e-01</td>\n",
       "      <td>5.152606e-23</td>\n",
       "      <td>1.400141e-01</td>\n",
       "      <td>2.374363e-153</td>\n",
       "      <td>1.000000e+00</td>\n",
       "    </tr>\n",
       "  </tbody>\n",
       "</table>\n",
       "</div>"
      ],
      "text/plain": [
       "               price_000      pop_dens            ses          house  \\\n",
       "price_000   1.000000e+00  1.093673e-01  3.991591e-103   1.757399e-68   \n",
       "pop_dens    1.093673e-01  1.000000e+00   2.737746e-05   2.087070e-32   \n",
       "ses        3.991591e-103  2.737746e-05   1.000000e+00   8.371958e-21   \n",
       "house       1.757399e-68  2.087070e-32   8.371958e-21   1.000000e+00   \n",
       "area_m2     0.000000e+00  5.108902e-27   1.551396e-10   0.000000e+00   \n",
       "num_bath   5.777945e-187  5.949682e-08   3.683541e-07  1.478265e-145   \n",
       "pcn_green   1.223729e-01  5.133684e-02   8.365027e-04   7.069447e-06   \n",
       "thefts      4.166382e-19  8.474575e-15   1.691778e-68   8.869123e-01   \n",
       "\n",
       "                 area_m2       num_bath      pcn_green         thefts  \n",
       "price_000   0.000000e+00  5.777945e-187   1.223729e-01   4.166382e-19  \n",
       "pop_dens    5.108902e-27   5.949682e-08   5.133684e-02   8.474575e-15  \n",
       "ses         1.551396e-10   3.683541e-07   8.365027e-04   1.691778e-68  \n",
       "house       0.000000e+00  1.478265e-145   7.069447e-06   8.869123e-01  \n",
       "area_m2     1.000000e+00  2.020881e-287   2.522505e-07   5.152606e-23  \n",
       "num_bath   2.020881e-287   1.000000e+00   7.801394e-01   1.400141e-01  \n",
       "pcn_green   2.522505e-07   7.801394e-01   1.000000e+00  2.374363e-153  \n",
       "thefts      5.152606e-23   1.400141e-01  2.374363e-153   1.000000e+00  "
      ]
     },
     "execution_count": 5,
     "metadata": {},
     "output_type": "execute_result"
    }
   ],
   "source": [
    "# function for matrix of p-values (thank you, Jonathan!)\n",
    "def pearsonr_pval(x,y):\n",
    "    return pearsonr(x,y)[1]\n",
    "\n",
    "corr = df.corr(method=pearsonr_pval)\n",
    "corr"
   ]
  },
  {
   "cell_type": "markdown",
   "metadata": {},
   "source": [
    "## 3 Bivariate linear regression\n",
    "A simple linear regression—also known as a binary linear regression—is one where the dependent variable is continuous and is “simple” only because there is one independent or explanatory variable to explore. We’re going to start with exploring the possible relationship between two continuous variables to practice that interpretation."
   ]
  },
  {
   "cell_type": "markdown",
   "metadata": {},
   "source": [
    "### 3.1 Hypothesis 1: neighborhood population density is associated with higher property values"
   ]
  },
  {
   "cell_type": "markdown",
   "metadata": {},
   "source": [
    "#### 3.1.1 Explore your variables (descibe and visualize)"
   ]
  },
  {
   "cell_type": "code",
   "execution_count": 6,
   "metadata": {},
   "outputs": [],
   "source": [
    "# define a function to set up boxplot and histogram side by side\n",
    "\n",
    "def plots (df, var, title, box_label, hist_label):\n",
    "    # set up figure for two subplots: boxplot & histogram\n",
    "    fig, (ax1, ax2) = plt.subplots(1, 2, figsize=(12, 4)) # define subplots and figure size\n",
    "    plt.suptitle(title) # title the figure\n",
    "    \n",
    "    ### boxplot\n",
    "    ax1.boxplot(var)\n",
    "    ax1.set_ylabel(box_label)\n",
    "    ### format axes to include thousands separator\n",
    "    ax1.get_xaxis().set_major_formatter(plt.FuncFormatter(lambda x1, loc: \"{:,}\".format(int(x1))))\n",
    "    ax1.get_yaxis().set_major_formatter(plt.FuncFormatter(lambda x1, loc: \"{:,}\".format(int(x1))))\n",
    "\n",
    "    ### histogram\n",
    "    ax2.hist(var)\n",
    "    ax2.set_xlabel(hist_label)\n",
    "    ### format axes number to include thousands separator\n",
    "    ax2.get_xaxis().set_major_formatter(plt.FuncFormatter(lambda x2, loc: \"{:,}\".format(int(x2))))\n",
    "    ax2.get_yaxis().set_major_formatter(plt.FuncFormatter(lambda x2, loc: \"{:,}\".format(int(x2))))\n",
    "    ax2.tick_params(axis='x', labelrotation=35)\n",
    "\n",
    "    plt.show()"
   ]
  },
  {
   "cell_type": "code",
   "execution_count": 7,
   "metadata": {},
   "outputs": [],
   "source": [
    "# set up variables\n",
    "x = df['pop_dens'] # define independent variable\n",
    "y = df['price_000'] # define dependent variable"
   ]
  },
  {
   "cell_type": "code",
   "execution_count": 8,
   "metadata": {},
   "outputs": [
    {
     "name": "stdout",
     "output_type": "stream",
     "text": [
      "count    3976.000000\n",
      "mean      470.319977\n",
      "std       237.467271\n",
      "min        16.180000\n",
      "25%       277.840000\n",
      "50%       416.320000\n",
      "75%       660.590000\n",
      "max       986.730000\n",
      "Name: pop_dens, dtype: float64\n"
     ]
    },
    {
     "data": {
